MB01 0 2044806410421014539 1
MB01 0 2044664916099948797 1
MB01 0 2042319239080550588 1
MB01 0 2041508449448538504 1
MB01 0 2040852086674395484 1
MB01 0 2044472428961673372 1
MB01 0 2041881768975081899 1
MB01 0 2044016360137588882 1
MB01 0 2042245788697284676 1
MB01 0 2042937458388799733 1
MB01 0 2044034612922331456 1
MB01 0 2041840925501223113 1
MB01 0 2041184666829435241 1
MB01 0 2041489806476079607 1
MB01 0 2041670639962976538 1
MB01 0 2044034311410553014 1
MB01 0 2041720648355975305 1
MB01 0 2041511917672714480 1
MB01 0 2042499145701749151 1
MB01 0 2044194184186270149 1
MB01 0 2043756158805332210 1
MB01 0 2040957221178376298 1
MB01 0 2042970559621853690 1
MB01 0 2041644201801035894 1
MB01 0 2040914125694378232 1
MB01 0 2042380795453538579 1
MB01 0 2041529292857786615 1
MB01 0 2045172271749210152 1
MB01 0 2041753026185085075 1
MB01 0 2043434628351136178 1
MB01 0 2041490027171967354 0
MB01 0 2042236709794885722 0
MB01 0 2042136199440019468 0
MB01 0 2041917157068447897 0
MB01 0 2044024482902290505 0
MB01 0 2041342497922936894 0
MB01 0 2042967768279175464 0
MB01 0 2041908936853655586 0
MB01 0 2041912101724172747 0
MB01 0 2042944762726990258 0
MB01 0 2044870335263043852 0
MB01 0 2041840017207644278 0
MB01 0 2041687487580352647 0
MB01 0 2041963699171192972 0
MB01 0 2042731150213550437 0
MB01 0 2041844086672650376 0
MB01 0 2041529806257348816 0
MB01 0 2044185791350333602 0
MB01 0 2043500059938157036 0
MB01 0 2045172220188594670 0
MB01 0 2043029016534478958 0
MB01 0 2041664170488205730 0
MB01 0 2043678138341998899 0
MB01 0 2041841357233213612 0
MB01 0 2042601680382914832 0
MB01 0 2044036868417679829 0
MB01 0 2044168308577185996 0
MB01 0 2042969936797266261 0
MB01 0 2042372553818186021 0
MB01 0 2041871760505622700 0
MB01 0 2042291662886519103 0
MB01 0 2044145265284661363 0
MB01 0 2042701647718289576 0
MB01 0 2041579760300499078 0
MB01 0 2041924791230251470 0
MB01 0 2042939431129120861 0
MB01 0 2041568628567310403 0
MB01 0 2041263820396495283 0
MB01 0 2041490526667522058 0
MB01 0 2041271789485973635 0
MB01 0 2044130719505465402 0
MB01 0 2043978720013353210 0
MB01 0 2044816308282220587 0
MB01 0 2041697787331387594 0
MB01 0 2043326328166899969 0
MB01 0 2041875725637317054 0
MB01 0 2041596252073193687 0
MB01 0 2042501468943442055 0
MB01 0 2041730335029776819 0
MB01 0 2041843235916566709 0
MB01 0 2043028661327270260 0
MB01 0 2043722160875651072 0
MB01 0 2042227874422214877 0
MB01 0 2041688542405890534 0
MB01 0 2042771698643276279 0
MB01 0 2045038553130844215 0
MB01 0 2042236635199271136 0
MB01 0 2044039731290272154 0
MB01 0 2044075700555071601 0
MB01 0 2044408508834050473 0
MB01 0 2043286030598750386 0
MB01 0 2044032937981526260 0
MB01 0 2044144543658860907 0
MB01 0 2041841699765252111 0
MB01 0 2041532388249928096 0
MB01 0 2041174157480566916 0
MB01 0 2045247139962613869 0
MB01 0 2045185520658202641 0
MB01 0 2041841578466029929 0
MB01 0 2043339295981715592 0
MB02 0 2045226534726717882 1
MB02 0 2045256747653210588 1
MB02 0 2045185521505247535 1
MB02 0 2045150989913612612 1
MB02 0 2044405756787900674 1
MB02 0 2045251328973127992 1
MB02 0 2045251329241604338 1
MB02 0 2044771965043400891 1
MB02 0 2045256030964396352 1
MB02 0 2041933649096966449 1
MB02 0 2040106314265661953 1
MB02 0 2043687604596387965 1
MB02 0 2044143012008124559 1
MB02 0 2045224115255103733 1
MB02 0 2045254126116692278 1
MB02 0 2041925515812962587 1
MB02 0 2043431442001051978 1
MB02 0 2043356065547399425 1
MB02 0 2042655965615456529 1
MB02 0 2042935615176544295 1
MB02 0 2043418350387110082 1
MB02 0 2041949040837837252 1
MB02 0 2045252463201222776 1
MB02 0 2044896877196308515 1
MB02 0 2045254934023581838 1
MB02 0 2043391146446237859 1
MB02 0 2043363518292930693 1
MB02 0 2043183723030696437 1
MB02 0 2041331812190798308 1
MB02 0 2043648723767410903 1
MB02 0 2043386935960392022 0
MB02 0 2041931872956014955 0
MB02 0 2043730171413295453 0
MB02 0 2043385244687151146 0
MB02 0 2041576790263579061 0
MB02 0 2039711713675599958 0
MB02 0 2039780092201619697 0
MB02 0 2044103866233356363 0
MB02 0 2041569655966581120 0
MB02 0 2043927312765464994 0
MB02 0 2043355275202306223 0
MB02 0 2041517601319514498 0
MB02 0 2044305790069289290 0
MB02 0 2041365357613740043 0
MB02 0 2045252252101755192 0
MB02 0 2044037498343465128 0
MB02 0 2040487565157904395 0
MB02 0 2041939119664689268 0
MB02 0 2045249894063939758 0
MB02 0 2043075318534279666 0
MB02 0 2043448165970395335 0
MB02 0 2043704310173958594 0
MB02 0 2041434614648951268 0
MB02 0 2039799976532770981 0
MB02 0 2043368302458651041 0
MB02 0 2041532613098438934 0
MB02 0 2043663079498490067 0
MB02 0 2043766341778235579 0
MB02 0 2045253906620416147 0
MB02 0 2044037203374805409 0
MB02 0 2041955491803226493 0
MB02 0 2043634442695221426 0
MB02 0 2041155444375257292 0
MB02 0 2041909326512591001 0
MB02 0 2041257970126790782 0
MB02 0 2040010878439817484 0
MB02 0 2041092340664930521 0
MB02 0 2041897951857869239 0
MB02 0 2041584356498555056 0
MB02 0 2044103405686210864 0
MB02 0 2041563658530992350 0
MB02 0 2043287442564723118 0
MB02 0 2041905469518762263 0
MB02 0 2044397673944408078 0
MB02 0 2043801255047299397 0
MB02 0 2040789747988414506 0
MB02 0 2044425453478302007 0
MB02 0 2043338106288365972 0
MB02 0 2042335988572156145 0
MB02 0 2041130825069301994 0
MB02 0 2041094750137139563 0
MB02 0 2041937773414752628 0
MB02 0 2040757019523641546 0
MB02 0 2041950790550769731 0
MB02 0 2043405380395397209 0
MB02 0 2043865519535862063 0
MB02 0 2043715936453001369 0
MB02 0 2043801399364903171 0
MB02 0 2043407376716345652 0
MB02 0 2043324138291445905 0
MB02 0 2043439984212885807 0
MB02 0 2041924603484741710 0
MB02 0 2043692875964092495 0
MB02 0 2041898599429156997 0
MB02 0 2043460973294694612 0
MB02 0 2040981683747324047 0
MB02 0 2044021961823793621 0
MB02 0 2043343387575701834 0
MB02 0 2045256744457109572 0
MB02 0 2041570735337173431 0
MB03 0 2041127558146621848 1
MB03 0 2038961842689888691 1
MB03 0 2039522951662326170 1
MB03 0 2039179006243926202 1
MB03 0 2045246021421191286 1
MB03 0 2039668667571437732 1
MB03 0 2040186418920579471 1
MB03 0 2045253325558268062 1
MB03 0 2041129259033415983 1
MB03 0 2039289288429281463 1
MB03 0 2043473123924717596 1
MB03 0 2044568951141646482 1
MB03 0 2039070418137428013 1
MB03 0 2040313860599562300 1
MB03 0 2041266029913899211 1
MB03 0 2045251346639774058 1
MB03 0 2041497394941186106 1
MB03 0 2039942923379237375 1
MB03 0 2045033807695261988 1
MB03 0 2041136243082252670 1
MB03 0 2040957913036898541 1
MB03 0 2042753309329776837 1
MB03 0 2041386294379716863 1
MB03 0 2039533934346993929 1
MB03 0 2041846616764674068 1
MB03 0 2040921742693048626 1
MB03 0 2041200699032182915 1
MB03 0 2045254639977710004 1
MB03 0 2043473194577801435 1
MB03 0 2045250352786842096 1
MB03 0 2040755876144017464 0
MB03 0 2045250750952128699 0
MB03 0 2042885193900658922 0
MB03 0 2044375821498917099 0
MB03 0 2044558953883844890 0
MB03 0 2041067504345165849 0
MB03 0 2041004698598084709 0
MB03 0 2044372310241734919 0
MB03 0 2044428103888326804 0
MB03 0 2044409463315050798 0
MB03 0 2041345225143291905 0
MB03 0 2040531309009739848 0
MB03 0 2043227373517324559 0
MB03 0 2045250267348717644 0
MB03 0 2043009649696264303 0
MB03 0 2040754946946285878 0
MB03 0 2040599958701613552 0
MB03 0 2041551703384735776 0
MB03 0 2044694972495196647 0
MB03 0 2043030316349018250 0
MB03 0 2043515062267027870 0
MB03 0 2042823242751316217 0
MB03 0 2044559952836973032 0
MB03 0 2039743356092461155 0
MB03 0 2044814596477685860 0
MB03 0 2043645453435298203 0
MB03 0 2041980178050482559 0
MB03 0 2041857469203239242 0
MB03 0 2040873689349304648 0
MB03 0 2045248893315617233 0
MB03 0 2045112504867754154 0
MB03 0 2042726240302567447 0
MB03 0 2041681711222649284 0
MB03 0 2043363536953307631 0
MB03 0 2045253690274001233 0
MB03 0 2042870776488206526 0
MB03 0 2044283968766320705 0
MB03 0 2042368074607894692 0
MB03 0 2041855968988778613 0
MB03 0 2044409455895326888 0
MB03 0 2041500399077929171 0
MB03 0 2045246589539938400 0
MB03 0 2039247403656556993 0
MB03 0 2044911760319136080 0
MB03 0 2040936761132552392 0
MB03 0 2045250793477980433 0
MB03 0 2043268261878583582 0
MB03 0 2040350901848953257 0
MB03 0 2044316959739695110 0
MB03 0 2041473438485729762 0
MB03 0 2039018369110647293 0
MB03 0 2041287138533417294 0
MB03 0 2044229109929197998 0
MB03 0 2039313648959574318 0
MB03 0 2040553367110332781 0
MB03 0 2043619210950050077 0
MB03 0 2039377679028551842 0
MB03 0 2044094808646467659 0
MB03 0 2042960648993227137 0
MB03 0 2043219791318790226 0
MB03 0 2040030079653200036 0
MB03 0 2044125861217960318 0
MB03 0 2045248089158566035 0
MB03 0 2039115591588442363 0
MB03 0 2043941051199635570 0
MB03 0 2045250481669173478 0
MB03 0 2043870102517366984 0
MB03 0 2044821342072058214 0
MB03 0 2039927297768333712 0
MB03 0 2045254188150497316 0
MB04 0 2044760428287258719 1
MB04 0 2041806837066957201 1
MB04 0 2043345615590199383 1
MB04 0 2043640912278945990 1
MB04 0 2041242884016341336 1
MB04 0 2042905576963809488 1
MB04 0 2042049857662148959 1
MB04 0 2042532690545787327 1
MB04 0 2044758042617544879 1
MB04 0 2042863157425705399 1
MB04 0 2043720602003914817 1
MB04 0 2042299275657273455 1
MB04 0 2042522040100622762 1
MB04 0 2042383178145370555 1
MB04 0 2041259660125085901 1
MB04 0 2041681484268904940 1
MB04 0 2041651397356138962 1
MB04 0 2042305244147687609 1
MB04 0 2040883168069537896 1
MB04 0 2042194581500891234 1
MB04 0 2042284703227490315 1
MB04 0 2042332581614477464 1
MB04 0 2045252308183798194 1
MB04 0 2042463823924220081 1
MB04 0 2041714212196712662 1
MB04 0 2041380070653125054 1
MB04 0 2042193503669584145 1
MB04 0 2042289031115846002 1
MB04 0 2043302418360741979 1
MB04 0 2043285994276048971 1
MB04 0 2041686352152908064 0
MB04 0 2041652977111347292 0
MB04 0 2041693178923811207 0
MB04 0 2044088287128674604 0
MB04 0 2041652362083787146 0
MB04 0 2042325447896416600 0
MB04 0 2041219937776128144 0
MB04 0 2044317299268636939 0
MB04 0 2042333981191127090 0
MB04 0 2041684285652914471 0
MB04 0 2043018744012902723 0
MB04 0 2040936548141592603 0
MB04 0 2040739737359561124 0
MB04 0 2041666642682507426 0
MB04 0 2042267020025074046 0
MB04 0 2041903768753651828 0
MB04 0 2041682773241434157 0
MB04 0 2041927793563287808 0
MB04 0 2042898166832636385 0
MB04 0 2041690304802136352 0
MB04 0 2041200567725261179 0
MB04 0 2041666442584568011 0
MB04 0 2042420356581900764 0
MB04 0 2042299737706045473 0
MB04 0 2043723559474716953 0
MB04 0 2042553600602255417 0
MB04 0 2044007763613802566 0
MB04 0 2043921805694644482 0
MB04 0 2041353740163117314 0
MB04 0 2041871039240573006 0
MB04 0 2042218734098448535 0
MB04 0 2041226127361155509 0
MB04 0 2042302497323192771 0
MB04 0 2042296040661930017 0
MB04 0 2042618286785880561 0
MB04 0 2043361179553140786 0
MB04 0 2041203352001024383 0
MB04 0 2042296111545692240 0
MB04 0 2042296914566148286 0
MB04 0 2044766808582861283 0
MB04 0 2042343832587530364 0
MB04 0 2041194140697043388 0
MB04 0 2042297432432615708 0
MB04 0 2044332687696007646 0
MB04 0 2042315260112355482 0
MB04 0 2041979048478273699 0
MB04 0 2042317564689211563 0
MB04 0 2042939580156903434 0
MB04 0 2041193593616887980 0
MB04 0 2043420790930993266 0
MB04 0 2041610793335107996 0
MB04 0 2043327399140470967 0
MB04 0 2042270245339942916 0
MB04 0 2042688417624940884 0
MB04 0 2044762874669650194 0
MB04 0 2041409902262776010 0
MB04 0 2042133298214752259 0
MB04 0 2041803428494463098 0
MB04 0 2041525427940864276 0
MB04 0 2041687803843486000 0
MB04 0 2042296183398309992 0
MB04 0 2042308016532496740 0
MB04 0 2041653522727411981 0
MB04 0 2042310230789210192 0
MB04 0 2043573634963505204 0
MB04 0 2045247139962613869 0
MB04 0 2042873687771127856 0
MB04 0 2042301247060132251 0
MB04 0 2042320390253645921 0
MB04 0 2043387276416209047 0
MB05 0 2045194860097884313 1
MB05 0 2041696797815419197 1
MB05 0 2045254784446586995 1
MB05 0 2045162353226928573 1
MB05 0 2044846387649540263 1
MB05 0 2043740757551431682 1
MB05 0 2045135288884690945 1
MB05 0 2043342446034055330 1
MB05 0 2042716172794183839 1
MB05 0 2044842872478826937 1
MB05 0 2043816925948522620 1
MB05 0 2044938361391939882 1
MB05 0 2044594602716336601 1
MB05 0 2043726826720121252 1
MB05 0 2043396413917212796 1
MB05 0 2044664590861000822 1
MB05 0 2042714289769693483 1
MB05 0 2044839888529281482 1
MB05 0 2041230091955703978 1
MB05 0 2043009633971757346 1
MB05 0 2042011945172078737 1
MB05 0 2044023564207018045 1
MB05 0 2041217441473200279 1
MB05 0 2043238974601232695 1
MB05 0 2044598499551945151 1
MB05 0 2043734546093363216 1
MB05 0 2044853934716563562 1
MB05 0 2042370258434998753 1
MB05 0 2045130519386488982 1
MB05 0 2045196102392218073 1
MB05 0 2043826550026457493 0
MB05 0 2043354556713550118 0
MB05 0 2045174633226252648 0
MB05 0 2044855497829093522 0
MB05 0 2043141833002221809 0
MB05 0 2043169117855789058 0
MB05 0 2044061326461276237 0
MB05 0 2042914275254014375 0
MB05 0 2044543372249968775 0
MB05 0 2044756390699204703 0
MB05 0 2045174603245404334 0
MB05 0 2043334566912430292 0
MB05 0 2044838803412545953 0
MB05 0 2045172397548917037 0
MB05 0 2043806780849869231 0
MB05 0 2044839563391074695 0
MB05 0 2045014623611490711 0
MB05 0 2043790077357093067 0
MB05 0 2045222689703391739 0
MB05 0 2043821293024190833 0
MB05 0 2044723728353812764 0
MB05 0 2043176519300710554 0
MB05 0 2045251175595839857 0
MB05 0 2045142076531093754 0
MB05 0 2045221035935412718 0
MB05 0 2043749210231816633 0
MB05 0 2043466153096515778 0
MB05 0 2042810589362155842 0
MB05 0 2041476814225527277 0
MB05 0 2042655609758052624 0
MB05 0 2043645221993398553 0
MB05 0 2044018294856860052 0
MB05 0 2045252415369420837 0
MB05 0 2045210505103454657 0
MB05 0 2043391091592892785 0
MB05 0 2045057147537330645 0
MB05 0 2042429311169307031 0
MB05 0 2043374708822024429 0
MB05 0 2043740177940787432 0
MB05 0 2044953628277104991 0
MB05 0 2045171631560208745 0
MB05 0 1934819038934581364 0
MB05 0 2042005148696723728 0
MB05 0 2044027956763255016 0
MB05 0 2043538187554099535 0
MB05 0 2044146674784784773 0
MB05 0 2042290941894021357 0
MB05 0 2043686901496877456 0
MB05 0 2044844680240881851 0
MB05 0 2044405045609808088 0
MB05 0 2044136104459403655 0
MB05 0 2041179340549861579 0
MB05 0 2042743058836410544 0
MB05 0 2041305012391829603 0
MB05 0 2043156808265560489 0
MB05 0 2044446946962682202 0
MB05 0 2041897502983533014 0
MB05 0 2044204573410386375 0
MB05 0 2043333111312756751 0
MB05 0 2043454154761199725 0
MB05 0 2041663539530617263 0
MB05 0 2042425256670085567 0
MB05 0 2044347360369684697 0
MB05 0 2044160245509828776 0
MB05 0 2042288313705414847 0
MB05 0 2044060379727224907 0
MB05 0 2041055272920121826 0
MB05 0 2045182060135104639 0
MB05 0 2041891105956839805 0
MB05 0 2045258832239001999 0
MB06 0 2044785385075855460 1
MB06 0 2045248995723784562 1
MB06 0 2043173368548278512 1
MB06 0 2043729216240255117 1
MB06 0 2039124331046007063 1
MB06 0 2044412664944943612 1
MB06 0 2038814955793969452 1
MB06 0 2041567663562907773 1
MB06 0 2039510118811996333 1
MB06 0 2044863396869476386 1
MB06 0 2044043949455606017 1
MB06 0 2039369780793143779 1
MB06 0 2039486718693294475 1
MB06 0 2036863008480084172 1
MB06 0 2040352443750613173 1
MB06 0 2037825622106640741 1
MB06 0 2044496026778931409 1
MB06 0 2037779913537962468 1
MB06 0 2043039312116355281 1
MB06 0 2045254957490684300 1
MB06 0 2034647608497479713 1
MB06 0 2043558793586651358 1
MB06 0 2039036957175751084 1
MB06 0 2043957521027871134 1
MB06 0 2043765678709321778 1
MB06 0 2037039573503774940 1
MB06 0 2044868780589789302 1
MB06 0 2039783630805811420 1
MB06 0 2045034849245827515 1
MB06 0 2043704603418497346 1
MB06 0 2040515754970214827 0
MB06 0 2045256344609980669 0
MB06 0 2044061384502071758 0
MB06 0 2037122622236836125 0
MB06 0 2037756575058936159 0
MB06 0 2044493775461093599 0
MB06 0 2038638293512835351 0
MB06 0 2037904125262782568 0
MB06 0 2039040123078050031 0
MB06 0 2039945857597161966 0
MB06 0 2044860624304222674 0
MB06 0 2043468603492590048 0
MB06 0 2037502278152630657 0
MB06 0 2043182008801616014 0
MB06 0 2043704720548659558 0
MB06 0 2037938940456341678 0
MB06 0 2045049802098880836 0
MB06 0 2041501352497741908 0
MB06 0 2038727301140005271 0
MB06 0 2043656886461837630 0
MB06 0 2041824663806804355 0
MB06 0 2045255744505647133 0
MB06 0 2039052436590178691 0
MB06 0 2043328552112677301 0
MB06 0 2037819592115200059 0
MB06 0 2042186115638055247 0
MB06 0 2038525385881591891 0
MB06 0 2043363539381792806 0
MB06 0 2044621457737863212 0
MB06 0 2038931387026194788 0
MB06 0 2044183919868989636 0
MB06 0 2043843445907697815 0
MB06 0 2042518019050512817 0
MB06 0 2044197245440962959 0
MB06 0 2038050894365729119 0
MB06 0 2045255532244877640 0
MB06 0 2039273931090321685 0
MB06 0 2042664074727637279 0
MB06 0 2044407899171045588 0
MB06 0 2041233363080826974 0
MB06 0 2041413685193605200 0
MB06 0 2043024117645848686 0
MB06 0 2043455716183400922 0
MB06 0 2043964306069565530 0
MB06 0 2039744572168049041 0
MB06 0 2038350103233417556 0
MB06 0 2043751580399255745 0
MB06 0 2037524532546658427 0
MB06 0 2039904972184371495 0
MB06 0 2038396843005202634 0
MB06 0 2041529582453465185 0
MB06 0 2038945911682851136 0
MB06 0 2039398231755383207 0
MB06 0 2039994308296605876 0
MB06 0 2044366903137726666 0
MB06 0 2043961575485128831 0
MB06 0 2040911377838080047 0
MB06 0 2042123376437948850 0
MB06 0 2043913192087105746 0
MB06 0 2038407326617501801 0
MB06 0 2041891196746752184 0
MB06 0 2043981541001548164 0
MB06 0 2045252751970701619 0
MB06 0 2041494353043247416 0
MB06 0 2045258447046967686 0
MB06 0 2043959268639158616 0
MB06 0 2044101566651625514 0
MB06 0 2042297258016756115 0
MB06 0 2036052314096796109 0
MB06 0 2039705208620515468 0
